8.681640625000000000e-01
6.083984375000000000e-01
7.353515625000000000e-01
6.542968750000000000e-01
7.377929687500000000e-01
7.475585937500000000e-01
5.913085937500000000e-01
7.119140625000000000e-01
7.031250000000000000e-01
6.767578125000000000e-01
7.001953125000000000e-01
8.447265625000000000e-01
6.640625000000000000e-01
6.464843750000000000e-01
6.738281250000000000e-01
7.329101562500000000e-01
6.611328125000000000e-01
7.958984375000000000e-01
7.128906250000000000e-01
7.075195312500000000e-01
7.226562500000000000e-01
7.011718750000000000e-01
6.845703125000000000e-01
6.928710937500000000e-01
6.533203125000000000e-01
6.367187500000000000e-01
6.689453125000000000e-01
7.070312500000000000e-01
7.041015625000000000e-01
7.099609375000000000e-01
6.586914062500000000e-01
7.421875000000000000e-01
7.260742187500000000e-01
6.899414062500000000e-01
6.572265625000000000e-01
6.083984375000000000e-01
7.241210937500000000e-01
6.835937500000000000e-01
7.167968750000000000e-01
5.830078125000000000e-01
6.108398437500000000e-01
6.367187500000000000e-01
6.455078125000000000e-01
7.099609375000000000e-01
6.660156250000000000e-01
7.465820312500000000e-01
6.542968750000000000e-01
7.392578125000000000e-01
7.617187500000000000e-01
7.460937500000000000e-01
6.801757812500000000e-01
7.788085937500000000e-01
7.177734375000000000e-01
7.021484375000000000e-01
6.992187500000000000e-01
6.767578125000000000e-01
7.065429687500000000e-01
8.046875000000000000e-01
7.329101562500000000e-01
7.021484375000000000e-01
7.529296875000000000e-01
7.138671875000000000e-01
7.226562500000000000e-01
6.982421875000000000e-01
7.773437500000000000e-01
7.016601562500000000e-01
7.568359375000000000e-01
7.231445312500000000e-01
7.324218750000000000e-01
6.508789062500000000e-01
6.738281250000000000e-01
7.460937500000000000e-01
6.713867187500000000e-01
6.518554687500000000e-01
6.630859375000000000e-01
7.006835937500000000e-01
7.138671875000000000e-01
7.475585937500000000e-01
7.333984375000000000e-01
6.796875000000000000e-01
