6.884765625000000000e-01
7.685546875000000000e-01
6.113281250000000000e-01
6.992187500000000000e-01
6.455078125000000000e-01
6.425781250000000000e-01
7.465820312500000000e-01
7.333984375000000000e-01
7.416992187500000000e-01
7.597656250000000000e-01
6.669921875000000000e-01
7.373046875000000000e-01
6.323242187500000000e-01
6.840820312500000000e-01
6.542968750000000000e-01
7.333984375000000000e-01
7.231445312500000000e-01
8.007812500000000000e-01
6.630859375000000000e-01
7.456054687500000000e-01
6.464843750000000000e-01
8.315429687500000000e-01
6.806640625000000000e-01
5.815429687500000000e-01
6.811523437500000000e-01
6.772460937500000000e-01
6.992187500000000000e-01
7.680664062500000000e-01
7.055664062500000000e-01
6.308593750000000000e-01
6.577148437500000000e-01
6.821289062500000000e-01
7.690429687500000000e-01
6.425781250000000000e-01
6.142578125000000000e-01
6.699218750000000000e-01
7.011718750000000000e-01
6.972656250000000000e-01
6.621093750000000000e-01
6.982421875000000000e-01
7.978515625000000000e-01
6.450195312500000000e-01
6.269531250000000000e-01
7.397460937500000000e-01
7.319335937500000000e-01
7.265625000000000000e-01
6.591796875000000000e-01
7.578125000000000000e-01
7.177734375000000000e-01
6.884765625000000000e-01
6.875000000000000000e-01
7.050781250000000000e-01
6.225585937500000000e-01
6.904296875000000000e-01
6.914062500000000000e-01
6.596679687500000000e-01
7.836914062500000000e-01
7.138671875000000000e-01
6.689453125000000000e-01
7.255859375000000000e-01
7.539062500000000000e-01
7.324218750000000000e-01
6.909179687500000000e-01
7.626953125000000000e-01
6.640625000000000000e-01
7.333984375000000000e-01
6.835937500000000000e-01
6.806640625000000000e-01
7.695312500000000000e-01
7.548828125000000000e-01
7.021484375000000000e-01
7.158203125000000000e-01
6.586914062500000000e-01
6.806640625000000000e-01
6.630859375000000000e-01
6.606445312500000000e-01
6.489257812500000000e-01
7.158203125000000000e-01
6.459960937500000000e-01
7.167968750000000000e-01
7.519531250000000000e-01
6.826171875000000000e-01
8.598632812500000000e-01
7.685546875000000000e-01
6.464843750000000000e-01
7.109375000000000000e-01
7.460937500000000000e-01
6.831054687500000000e-01
7.382812500000000000e-01
7.539062500000000000e-01
6.928710937500000000e-01
6.240234375000000000e-01
6.748046875000000000e-01
6.689453125000000000e-01
6.962890625000000000e-01
7.109375000000000000e-01
5.922851562500000000e-01
7.158203125000000000e-01
7.529296875000000000e-01
7.539062500000000000e-01
