7.001953125000000000e-01
6.689453125000000000e-01
7.241210937500000000e-01
7.509765625000000000e-01
6.450195312500000000e-01
7.465820312500000000e-01
7.094726562500000000e-01
7.270507812500000000e-01
6.967773437500000000e-01
7.236328125000000000e-01
7.705078125000000000e-01
6.547851562500000000e-01
6.845703125000000000e-01
6.547851562500000000e-01
7.041015625000000000e-01
6.977539062500000000e-01
6.347656250000000000e-01
7.509765625000000000e-01
6.513671875000000000e-01
6.840820312500000000e-01
6.298828125000000000e-01
7.333984375000000000e-01
6.796875000000000000e-01
7.011718750000000000e-01
7.368164062500000000e-01
