7.280273437500000000e-01
7.221679687500000000e-01
7.670898437500000000e-01
8.212890625000000000e-01
6.391601562500000000e-01
6.865234375000000000e-01
7.666015625000000000e-01
6.914062500000000000e-01
7.670898437500000000e-01
8.071289062500000000e-01
6.582031250000000000e-01
7.519531250000000000e-01
6.406250000000000000e-01
6.191406250000000000e-01
6.347656250000000000e-01
5.708007812500000000e-01
6.782226562500000000e-01
7.050781250000000000e-01
6.875000000000000000e-01
6.030273437500000000e-01
7.290039062500000000e-01
8.530273437500000000e-01
6.083984375000000000e-01
6.396484375000000000e-01
5.898437500000000000e-01
6.118164062500000000e-01
7.836914062500000000e-01
6.357421875000000000e-01
7.216796875000000000e-01
8.627929687500000000e-01
6.752929687500000000e-01
6.533203125000000000e-01
6.635742187500000000e-01
6.699218750000000000e-01
7.197265625000000000e-01
8.237304687500000000e-01
7.109375000000000000e-01
7.294921875000000000e-01
6.147460937500000000e-01
7.578125000000000000e-01
6.250000000000000000e-01
5.800781250000000000e-01
6.230468750000000000e-01
7.412109375000000000e-01
6.142578125000000000e-01
7.783203125000000000e-01
6.518554687500000000e-01
7.524414062500000000e-01
5.795898437500000000e-01
7.812500000000000000e-01
6.342773437500000000e-01
6.113281250000000000e-01
6.748046875000000000e-01
6.962890625000000000e-01
8.188476562500000000e-01
5.996093750000000000e-01
7.226562500000000000e-01
5.976562500000000000e-01
6.562500000000000000e-01
7.788085937500000000e-01
6.113281250000000000e-01
6.040039062500000000e-01
8.349609375000000000e-01
7.597656250000000000e-01
6.645507812500000000e-01
7.529296875000000000e-01
6.962890625000000000e-01
7.412109375000000000e-01
7.739257812500000000e-01
6.298828125000000000e-01
7.705078125000000000e-01
6.005859375000000000e-01
6.791992187500000000e-01
5.712890625000000000e-01
7.324218750000000000e-01
7.519531250000000000e-01
7.519531250000000000e-01
6.376953125000000000e-01
6.166992187500000000e-01
6.870117187500000000e-01
7.631835937500000000e-01
7.910156250000000000e-01
6.074218750000000000e-01
7.929687500000000000e-01
7.788085937500000000e-01
6.376953125000000000e-01
6.992187500000000000e-01
7.895507812500000000e-01
7.524414062500000000e-01
6.367187500000000000e-01
8.027343750000000000e-01
7.133789062500000000e-01
8.627929687500000000e-01
6.879882812500000000e-01
7.509765625000000000e-01
8.491210937500000000e-01
8.178710937500000000e-01
6.528320312500000000e-01
6.337890625000000000e-01
7.304687500000000000e-01
