6.884765625000000000e-01
7.773437500000000000e-01
6.181640625000000000e-01
6.914062500000000000e-01
6.606445312500000000e-01
6.333007812500000000e-01
6.347656250000000000e-01
7.290039062500000000e-01
7.236328125000000000e-01
7.221679687500000000e-01
7.006835937500000000e-01
7.060546875000000000e-01
6.352539062500000000e-01
6.831054687500000000e-01
6.601562500000000000e-01
7.304687500000000000e-01
7.045898437500000000e-01
7.939453125000000000e-01
6.665039062500000000e-01
7.792968750000000000e-01
6.953125000000000000e-01
7.866210937500000000e-01
6.689453125000000000e-01
6.992187500000000000e-01
6.538085937500000000e-01
7.070312500000000000e-01
6.718750000000000000e-01
7.744140625000000000e-01
6.992187500000000000e-01
6.264648437500000000e-01
7.041015625000000000e-01
6.367187500000000000e-01
7.099609375000000000e-01
6.357421875000000000e-01
6.708984375000000000e-01
6.948242187500000000e-01
7.685546875000000000e-01
7.026367187500000000e-01
6.669921875000000000e-01
7.167968750000000000e-01
7.280273437500000000e-01
6.518554687500000000e-01
6.748046875000000000e-01
6.987304687500000000e-01
7.119140625000000000e-01
6.967773437500000000e-01
6.674804687500000000e-01
7.534179687500000000e-01
7.177734375000000000e-01
6.904296875000000000e-01
7.392578125000000000e-01
6.928710937500000000e-01
6.875000000000000000e-01
7.143554687500000000e-01
6.777343750000000000e-01
6.992187500000000000e-01
7.949218750000000000e-01
7.641601562500000000e-01
6.997070312500000000e-01
7.275390625000000000e-01
7.626953125000000000e-01
7.041015625000000000e-01
6.655273437500000000e-01
7.851562500000000000e-01
6.533203125000000000e-01
7.104492187500000000e-01
7.109375000000000000e-01
6.347656250000000000e-01
7.709960937500000000e-01
7.197265625000000000e-01
7.333984375000000000e-01
7.153320312500000000e-01
6.425781250000000000e-01
6.455078125000000000e-01
6.401367187500000000e-01
6.987304687500000000e-01
6.665039062500000000e-01
6.782226562500000000e-01
6.235351562500000000e-01
7.197265625000000000e-01
7.202148437500000000e-01
7.138671875000000000e-01
8.515625000000000000e-01
7.656250000000000000e-01
6.767578125000000000e-01
7.021484375000000000e-01
6.176757812500000000e-01
6.948242187500000000e-01
7.353515625000000000e-01
7.807617187500000000e-01
7.172851562500000000e-01
6.132812500000000000e-01
6.972656250000000000e-01
6.689453125000000000e-01
7.402343750000000000e-01
7.265625000000000000e-01
5.805664062500000000e-01
6.904296875000000000e-01
7.080078125000000000e-01
7.978515625000000000e-01
