5.004882812500000000e-01 5.009765625000000000e-01 5.004882812500000000e-01 5.000000000000000000e-01 5.009765625000000000e-01 5.014648437500000000e-01 5.004882812500000000e-01 5.000000000000000000e-01 4.997558593750000000e-01 5.009765625000000000e-01 5.004882812500000000e-01 4.997558593750000000e-01 5.014648437500000000e-01 5.004882812500000000e-01 5.004882812500000000e-01 5.004882812500000000e-01
4.995117187500000000e-01 5.009765625000000000e-01 4.995117187500000000e-01 5.009765625000000000e-01 5.009765625000000000e-01 5.014648437500000000e-01 5.000000000000000000e-01 5.019531250000000000e-01 5.014648437500000000e-01 5.019531250000000000e-01 5.004882812500000000e-01 5.014648437500000000e-01 5.004882812500000000e-01 5.019531250000000000e-01 4.995117187500000000e-01 5.014648437500000000e-01
5.000000000000000000e-01 5.019531250000000000e-01 5.004882812500000000e-01 4.995117187500000000e-01 5.009765625000000000e-01 5.004882812500000000e-01 4.997558593750000000e-01 5.009765625000000000e-01 5.004882812500000000e-01 4.997558593750000000e-01 4.995117187500000000e-01 5.009765625000000000e-01 5.009765625000000000e-01 4.997558593750000000e-01 5.004882812500000000e-01 5.004882812500000000e-01
4.965820312500000000e-01 4.948730468750000000e-01 4.953613281250000000e-01 4.946289062500000000e-01 4.965820312500000000e-01 4.968261718750000000e-01 4.980468750000000000e-01 4.982910156250000000e-01 4.963378906250000000e-01 4.960937500000000000e-01 4.953613281250000000e-01 4.948730468750000000e-01 4.948730468750000000e-01 4.958496093750000000e-01 4.963378906250000000e-01 4.982910156250000000e-01
4.956054687500000000e-01 4.963378906250000000e-01 4.975585937500000000e-01 4.970703125000000000e-01 4.958496093750000000e-01 4.956054687500000000e-01 4.968261718750000000e-01 4.963378906250000000e-01 4.960937500000000000e-01 4.970703125000000000e-01 4.968261718750000000e-01 4.943847656250000000e-01 4.975585937500000000e-01 4.960937500000000000e-01 4.951171875000000000e-01 4.975585937500000000e-01
4.960937500000000000e-01 4.965820312500000000e-01 4.953613281250000000e-01 4.970703125000000000e-01 4.965820312500000000e-01 4.951171875000000000e-01 4.968261718750000000e-01 4.960937500000000000e-01 4.943847656250000000e-01 4.968261718750000000e-01 4.956054687500000000e-01 4.970703125000000000e-01 4.975585937500000000e-01 4.960937500000000000e-01 4.958496093750000000e-01 4.970703125000000000e-01
5.073242187500000000e-01 5.078125000000000000e-01 5.063476562500000000e-01 5.063476562500000000e-01 5.068359375000000000e-01 5.063476562500000000e-01 5.073242187500000000e-01 5.078125000000000000e-01 5.068359375000000000e-01 5.068359375000000000e-01 5.063476562500000000e-01 5.073242187500000000e-01 5.058593750000000000e-01 5.058593750000000000e-01 5.068359375000000000e-01 5.053710937500000000e-01
5.068359375000000000e-01 5.073242187500000000e-01 5.058593750000000000e-01 5.073242187500000000e-01 5.073242187500000000e-01 5.068359375000000000e-01 5.068359375000000000e-01 5.068359375000000000e-01 5.073242187500000000e-01 5.053710937500000000e-01 5.068359375000000000e-01 5.063476562500000000e-01 5.063476562500000000e-01 5.068359375000000000e-01 5.073242187500000000e-01 5.063476562500000000e-01
5.068359375000000000e-01 5.058593750000000000e-01 5.063476562500000000e-01 5.068359375000000000e-01 5.068359375000000000e-01 5.063476562500000000e-01 5.058593750000000000e-01 5.063476562500000000e-01 5.053710937500000000e-01 5.063476562500000000e-01 5.073242187500000000e-01 5.068359375000000000e-01 5.058593750000000000e-01 5.053710937500000000e-01 5.063476562500000000e-01 5.073242187500000000e-01
5.371093750000000000e-01 5.351562500000000000e-01 5.395507812500000000e-01 5.375976562500000000e-01 5.351562500000000000e-01 5.375976562500000000e-01 5.346679687500000000e-01 5.346679687500000000e-01 5.371093750000000000e-01 5.375976562500000000e-01 5.375976562500000000e-01 5.385742187500000000e-01 5.356445312500000000e-01 5.385742187500000000e-01 5.336914062500000000e-01 5.366210937500000000e-01
5.385742187500000000e-01 5.346679687500000000e-01 5.356445312500000000e-01 5.371093750000000000e-01 5.361328125000000000e-01 5.371093750000000000e-01 5.351562500000000000e-01 5.380859375000000000e-01 5.346679687500000000e-01 5.351562500000000000e-01 5.375976562500000000e-01 5.380859375000000000e-01 5.366210937500000000e-01 5.380859375000000000e-01 5.366210937500000000e-01 5.356445312500000000e-01
5.351562500000000000e-01 5.385742187500000000e-01 5.351562500000000000e-01 5.371093750000000000e-01 5.361328125000000000e-01 5.361328125000000000e-01 5.351562500000000000e-01 5.371093750000000000e-01 5.341796875000000000e-01 5.375976562500000000e-01 5.351562500000000000e-01 5.356445312500000000e-01 5.380859375000000000e-01 5.380859375000000000e-01 5.356445312500000000e-01 5.385742187500000000e-01
5.449218750000000000e-01 5.380859375000000000e-01 5.351562500000000000e-01 5.375976562500000000e-01 5.434570312500000000e-01 5.366210937500000000e-01 5.366210937500000000e-01 5.351562500000000000e-01 5.371093750000000000e-01 5.371093750000000000e-01 5.424804687500000000e-01 5.424804687500000000e-01 5.356445312500000000e-01 5.390625000000000000e-01 5.415039062500000000e-01 5.385742187500000000e-01
5.444335937500000000e-01 5.375976562500000000e-01 5.366210937500000000e-01 5.371093750000000000e-01 5.375976562500000000e-01 5.424804687500000000e-01 5.361328125000000000e-01 5.385742187500000000e-01 5.439453125000000000e-01 5.366210937500000000e-01 5.356445312500000000e-01 5.336914062500000000e-01 5.429687500000000000e-01 5.380859375000000000e-01 5.434570312500000000e-01 5.361328125000000000e-01
5.419921875000000000e-01 5.371093750000000000e-01 5.366210937500000000e-01 5.371093750000000000e-01 5.361328125000000000e-01 5.351562500000000000e-01 5.375976562500000000e-01 5.346679687500000000e-01 5.400390625000000000e-01 5.405273437500000000e-01 5.444335937500000000e-01 5.371093750000000000e-01 5.429687500000000000e-01 5.361328125000000000e-01 5.434570312500000000e-01 5.361328125000000000e-01
5.556640625000000000e-01 5.502929687500000000e-01 5.390625000000000000e-01 5.346679687500000000e-01 5.395507812500000000e-01 5.322265625000000000e-01 5.380859375000000000e-01 5.346679687500000000e-01 5.356445312500000000e-01 5.385742187500000000e-01 5.380859375000000000e-01 5.551757812500000000e-01 5.527343750000000000e-01 5.366210937500000000e-01 5.522460937500000000e-01 5.395507812500000000e-01
5.395507812500000000e-01 5.351562500000000000e-01 5.332031250000000000e-01 5.375976562500000000e-01 5.327148437500000000e-01 5.380859375000000000e-01 5.527343750000000000e-01 5.400390625000000000e-01 5.356445312500000000e-01 5.302734375000000000e-01 5.395507812500000000e-01 5.332031250000000000e-01 5.405273437500000000e-01 5.532226562500000000e-01 5.366210937500000000e-01 5.366210937500000000e-01
5.527343750000000000e-01 5.375976562500000000e-01 5.351562500000000000e-01 5.385742187500000000e-01 5.439453125000000000e-01 5.361328125000000000e-01 5.522460937500000000e-01 5.415039062500000000e-01 5.546875000000000000e-01 5.341796875000000000e-01 5.483398437500000000e-01 5.512695312500000000e-01 5.366210937500000000e-01 5.498046875000000000e-01 5.507812500000000000e-01 5.410156250000000000e-01
5.585937500000000000e-01 5.390625000000000000e-01 5.361328125000000000e-01 5.322265625000000000e-01 5.380859375000000000e-01 5.385742187500000000e-01 5.483398437500000000e-01 5.380859375000000000e-01 5.400390625000000000e-01 5.644531250000000000e-01 5.327148437500000000e-01 5.610351562500000000e-01 5.424804687500000000e-01 5.585937500000000000e-01 5.620117187500000000e-01 5.346679687500000000e-01
5.644531250000000000e-01 5.395507812500000000e-01 5.600585937500000000e-01 5.405273437500000000e-01 5.380859375000000000e-01 5.332031250000000000e-01 5.307617187500000000e-01 5.600585937500000000e-01 5.351562500000000000e-01 5.405273437500000000e-01 5.649414062500000000e-01 5.361328125000000000e-01 5.571289062500000000e-01 5.288085937500000000e-01 5.317382812500000000e-01 5.375976562500000000e-01
5.415039062500000000e-01 5.351562500000000000e-01 5.356445312500000000e-01 5.400390625000000000e-01 5.307617187500000000e-01 5.380859375000000000e-01 5.610351562500000000e-01 5.351562500000000000e-01 5.405273437500000000e-01 5.434570312500000000e-01 5.605468750000000000e-01 5.341796875000000000e-01 5.375976562500000000e-01 5.576171875000000000e-01 5.585937500000000000e-01 5.429687500000000000e-01
5.722656250000000000e-01 5.644531250000000000e-01 5.415039062500000000e-01 5.317382812500000000e-01 5.395507812500000000e-01 5.263671875000000000e-01 5.659179687500000000e-01 5.668945312500000000e-01 5.336914062500000000e-01 5.322265625000000000e-01 5.698242187500000000e-01 5.297851562500000000e-01 5.263671875000000000e-01 5.375976562500000000e-01 5.644531250000000000e-01 5.302734375000000000e-01
5.664062500000000000e-01 5.395507812500000000e-01 5.317382812500000000e-01 5.351562500000000000e-01 5.351562500000000000e-01 5.366210937500000000e-01 5.283203125000000000e-01 5.400390625000000000e-01 5.332031250000000000e-01 5.322265625000000000e-01 5.664062500000000000e-01 5.673828125000000000e-01 5.439453125000000000e-01 5.649414062500000000e-01 5.415039062500000000e-01 5.415039062500000000e-01
5.361328125000000000e-01 5.283203125000000000e-01 5.375976562500000000e-01 5.375976562500000000e-01 5.390625000000000000e-01 5.317382812500000000e-01 5.419921875000000000e-01 5.434570312500000000e-01 5.395507812500000000e-01 5.668945312500000000e-01 5.678710937500000000e-01 5.268554687500000000e-01 5.351562500000000000e-01 5.371093750000000000e-01 5.688476562500000000e-01 5.644531250000000000e-01
5.766601562500000000e-01 5.351562500000000000e-01 5.385742187500000000e-01 5.405273437500000000e-01 5.200195312500000000e-01 5.693359375000000000e-01 5.410156250000000000e-01 5.292968750000000000e-01 5.458984375000000000e-01 5.390625000000000000e-01 5.673828125000000000e-01 5.742187500000000000e-01 5.678710937500000000e-01 5.356445312500000000e-01 5.473632812500000000e-01 5.659179687500000000e-01
5.668945312500000000e-01 5.395507812500000000e-01 5.703125000000000000e-01 5.327148437500000000e-01 5.346679687500000000e-01 5.385742187500000000e-01 5.229492187500000000e-01 5.371093750000000000e-01 5.302734375000000000e-01 5.463867187500000000e-01 5.756835937500000000e-01 5.737304687500000000e-01 5.703125000000000000e-01 5.424804687500000000e-01 5.375976562500000000e-01 5.439453125000000000e-01
5.346679687500000000e-01 5.424804687500000000e-01 5.424804687500000000e-01 5.307617187500000000e-01 5.234375000000000000e-01 5.541992187500000000e-01 5.698242187500000000e-01 5.312500000000000000e-01 5.336914062500000000e-01 5.268554687500000000e-01 5.234375000000000000e-01 5.478515625000000000e-01 5.219726562500000000e-01 5.390625000000000000e-01 5.673828125000000000e-01 5.283203125000000000e-01
5.776367187500000000e-01 5.385742187500000000e-01 5.332031250000000000e-01 5.273437500000000000e-01 5.346679687500000000e-01 5.117187500000000000e-01 5.371093750000000000e-01 5.698242187500000000e-01 5.468750000000000000e-01 5.771484375000000000e-01 5.644531250000000000e-01 5.190429687500000000e-01 5.688476562500000000e-01 5.146484375000000000e-01 5.332031250000000000e-01 5.678710937500000000e-01
5.654296875000000000e-01 5.708007812500000000e-01 5.444335937500000000e-01 5.410156250000000000e-01 5.375976562500000000e-01 5.424804687500000000e-01 5.317382812500000000e-01 5.576171875000000000e-01 5.234375000000000000e-01 5.180664062500000000e-01 5.288085937500000000e-01 5.742187500000000000e-01 5.302734375000000000e-01 5.322265625000000000e-01 5.439453125000000000e-01 5.405273437500000000e-01
5.312500000000000000e-01 5.444335937500000000e-01 5.170898437500000000e-01 5.161132812500000000e-01 5.683593750000000000e-01 5.434570312500000000e-01 5.463867187500000000e-01 5.385742187500000000e-01 5.771484375000000000e-01 5.185546875000000000e-01 5.512695312500000000e-01 5.668945312500000000e-01 5.351562500000000000e-01 5.512695312500000000e-01 5.424804687500000000e-01 5.224609375000000000e-01
5.683593750000000000e-01 5.317382812500000000e-01 5.439453125000000000e-01 5.117187500000000000e-01 5.444335937500000000e-01 5.380859375000000000e-01 5.063476562500000000e-01 5.292968750000000000e-01 5.170898437500000000e-01 5.439453125000000000e-01 5.405273437500000000e-01 5.712890625000000000e-01 5.795898437500000000e-01 5.332031250000000000e-01 5.405273437500000000e-01 5.605468750000000000e-01
5.390625000000000000e-01 5.253906250000000000e-01 5.361328125000000000e-01 5.634765625000000000e-01 5.610351562500000000e-01 5.668945312500000000e-01 5.053710937500000000e-01 5.263671875000000000e-01 5.478515625000000000e-01 5.288085937500000000e-01 5.297851562500000000e-01 5.117187500000000000e-01 5.527343750000000000e-01 5.288085937500000000e-01 5.576171875000000000e-01 5.156250000000000000e-01
5.771484375000000000e-01 5.620117187500000000e-01 5.449218750000000000e-01 5.434570312500000000e-01 5.234375000000000000e-01 5.317382812500000000e-01 5.361328125000000000e-01 5.000000000000000000e-01 5.410156250000000000e-01 5.747070312500000000e-01 5.590820312500000000e-01 5.615234375000000000e-01 5.629882812500000000e-01 5.078125000000000000e-01 5.434570312500000000e-01 5.668945312500000000e-01
5.361328125000000000e-01 5.620117187500000000e-01 5.185546875000000000e-01 5.346679687500000000e-01 5.234375000000000000e-01 5.600585937500000000e-01 4.855957031250000000e-01 5.419921875000000000e-01 5.405273437500000000e-01 5.512695312500000000e-01 5.537109375000000000e-01 4.963378906250000000e-01 5.429687500000000000e-01 5.224609375000000000e-01 5.517578125000000000e-01 5.478515625000000000e-01
5.708007812500000000e-01 5.170898437500000000e-01 5.288085937500000000e-01 5.639648437500000000e-01 5.424804687500000000e-01 5.117187500000000000e-01 4.892578125000000000e-01 5.639648437500000000e-01 5.488281250000000000e-01 5.590820312500000000e-01 5.229492187500000000e-01 4.916992187500000000e-01 5.000000000000000000e-01 5.532226562500000000e-01 5.170898437500000000e-01 5.385742187500000000e-01
5.532226562500000000e-01 5.439453125000000000e-01 5.341796875000000000e-01 5.034179687500000000e-01 5.307617187500000000e-01 5.439453125000000000e-01 4.819335937500000000e-01 5.527343750000000000e-01 5.361328125000000000e-01 5.034179687500000000e-01 5.234375000000000000e-01 5.683593750000000000e-01 5.263671875000000000e-01 5.805664062500000000e-01 5.639648437500000000e-01 5.058593750000000000e-01
5.527343750000000000e-01 5.117187500000000000e-01 4.943847656250000000e-01 4.924316406250000000e-01 4.626464843750000000e-01 4.680175781250000000e-01 5.590820312500000000e-01 4.829101562500000000e-01 5.620117187500000000e-01 5.766601562500000000e-01 5.380859375000000000e-01 5.605468750000000000e-01 4.785156250000000000e-01 5.000000000000000000e-01 5.380859375000000000e-01 5.615234375000000000e-01
5.439453125000000000e-01 5.332031250000000000e-01 5.209960937500000000e-01 4.951171875000000000e-01 5.253906250000000000e-01 5.424804687500000000e-01 5.087890625000000000e-01 5.434570312500000000e-01 5.087890625000000000e-01 4.709472656250000000e-01 4.838867187500000000e-01 5.478515625000000000e-01 5.083007812500000000e-01 5.561523437500000000e-01 5.419921875000000000e-01 5.502929687500000000e-01
5.654296875000000000e-01 5.278320312500000000e-01 5.229492187500000000e-01 5.273437500000000000e-01 5.566406250000000000e-01 5.258789062500000000e-01 4.633789062500000000e-01 5.151367187500000000e-01 5.371093750000000000e-01 5.629882812500000000e-01 5.439453125000000000e-01 5.209960937500000000e-01 5.810546875000000000e-01 5.439453125000000000e-01 5.307617187500000000e-01 4.892578125000000000e-01
5.366210937500000000e-01 5.371093750000000000e-01 5.366210937500000000e-01 5.371093750000000000e-01 5.371093750000000000e-01 5.375976562500000000e-01 5.371093750000000000e-01 5.366210937500000000e-01 5.356445312500000000e-01 5.366210937500000000e-01 5.371093750000000000e-01 5.366210937500000000e-01 5.361328125000000000e-01 5.361328125000000000e-01 5.366210937500000000e-01 5.361328125000000000e-01
5.366210937500000000e-01 5.375976562500000000e-01 5.366210937500000000e-01 5.361328125000000000e-01 5.366210937500000000e-01 5.375976562500000000e-01 5.361328125000000000e-01 5.371093750000000000e-01 5.366210937500000000e-01 5.366210937500000000e-01 5.361328125000000000e-01 5.361328125000000000e-01 5.371093750000000000e-01 5.366210937500000000e-01 5.371093750000000000e-01 5.366210937500000000e-01
5.366210937500000000e-01 5.375976562500000000e-01 5.356445312500000000e-01 5.371093750000000000e-01 5.366210937500000000e-01 5.371093750000000000e-01 5.356445312500000000e-01 5.371093750000000000e-01 5.366210937500000000e-01 5.371093750000000000e-01 5.361328125000000000e-01 5.366210937500000000e-01 5.375976562500000000e-01 5.361328125000000000e-01 5.366210937500000000e-01 5.371093750000000000e-01
