7.592773437500000000e-01
7.338867187500000000e-01
8.046875000000000000e-01
6.704101562500000000e-01
7.324218750000000000e-01
9.287109375000000000e-01
6.381835937500000000e-01
7.304687500000000000e-01
6.044921875000000000e-01
8.125000000000000000e-01
8.037109375000000000e-01
7.563476562500000000e-01
6.884765625000000000e-01
7.983398437500000000e-01
5.512695312500000000e-01
6.972656250000000000e-01
7.275390625000000000e-01
7.685546875000000000e-01
7.651367187500000000e-01
7.177734375000000000e-01
8.007812500000000000e-01
8.134765625000000000e-01
7.338867187500000000e-01
7.319335937500000000e-01
6.606445312500000000e-01
6.528320312500000000e-01
7.758789062500000000e-01
7.792968750000000000e-01
6.889648437500000000e-01
6.850585937500000000e-01
6.621093750000000000e-01
8.613281250000000000e-01
5.854492187500000000e-01
8.076171875000000000e-01
7.841796875000000000e-01
6.767578125000000000e-01
6.596679687500000000e-01
7.768554687500000000e-01
7.187500000000000000e-01
6.816406250000000000e-01
5.166015625000000000e-01
8.339843750000000000e-01
5.561523437500000000e-01
6.518554687500000000e-01
7.070312500000000000e-01
7.426757812500000000e-01
6.538085937500000000e-01
7.031250000000000000e-01
7.490234375000000000e-01
5.219726562500000000e-01
6.445312500000000000e-01
5.585937500000000000e-01
6.933593750000000000e-01
6.831054687500000000e-01
6.875000000000000000e-01
7.138671875000000000e-01
7.661132812500000000e-01
8.398437500000000000e-01
5.878906250000000000e-01
7.016601562500000000e-01
8.461914062500000000e-01
7.880859375000000000e-01
7.670898437500000000e-01
7.480468750000000000e-01
7.646484375000000000e-01
5.507812500000000000e-01
5.468750000000000000e-01
6.689453125000000000e-01
6.992187500000000000e-01
6.665039062500000000e-01
6.596679687500000000e-01
8.071289062500000000e-01
6.308593750000000000e-01
9.765625000000000000e-01
6.728515625000000000e-01
6.582031250000000000e-01
7.202148437500000000e-01
7.397460937500000000e-01
8.261718750000000000e-01
7.553710937500000000e-01
8.525390625000000000e-01
7.158203125000000000e-01
5.361328125000000000e-01
7.236328125000000000e-01
5.747070312500000000e-01
8.125000000000000000e-01
8.901367187500000000e-01
6.416015625000000000e-01
6.254882812500000000e-01
8.427734375000000000e-01
7.172851562500000000e-01
6.757812500000000000e-01
6.113281250000000000e-01
6.582031250000000000e-01
7.275390625000000000e-01
7.514648437500000000e-01
7.324218750000000000e-01
8.154296875000000000e-01
5.385742187500000000e-01
8.046875000000000000e-01
