6.386718750000000000e-01
6.992187500000000000e-01
7.299804687500000000e-01
7.177734375000000000e-01
6.533203125000000000e-01
6.972656250000000000e-01
7.294921875000000000e-01
7.636718750000000000e-01
7.124023437500000000e-01
6.435546875000000000e-01
7.197265625000000000e-01
6.494140625000000000e-01
6.943359375000000000e-01
7.397460937500000000e-01
6.611328125000000000e-01
6.640625000000000000e-01
7.026367187500000000e-01
6.298828125000000000e-01
6.508789062500000000e-01
7.065429687500000000e-01
6.337890625000000000e-01
6.669921875000000000e-01
6.787109375000000000e-01
6.025390625000000000e-01
6.240234375000000000e-01
7.719726562500000000e-01
7.802734375000000000e-01
6.269531250000000000e-01
6.948242187500000000e-01
6.738281250000000000e-01
6.328125000000000000e-01
6.435546875000000000e-01
7.416992187500000000e-01
7.490234375000000000e-01
6.938476562500000000e-01
7.353515625000000000e-01
6.791992187500000000e-01
6.635742187500000000e-01
7.104492187500000000e-01
6.723632812500000000e-01
7.216796875000000000e-01
6.767578125000000000e-01
6.933593750000000000e-01
7.255859375000000000e-01
6.777343750000000000e-01
7.163085937500000000e-01
6.992187500000000000e-01
7.109375000000000000e-01
7.548828125000000000e-01
7.182617187500000000e-01
6.777343750000000000e-01
6.679687500000000000e-01
7.353515625000000000e-01
8.847656250000000000e-01
7.084960937500000000e-01
6.279296875000000000e-01
6.376953125000000000e-01
6.718750000000000000e-01
6.748046875000000000e-01
6.147460937500000000e-01
6.542968750000000000e-01
7.089843750000000000e-01
7.280273437500000000e-01
6.425781250000000000e-01
6.596679687500000000e-01
6.777343750000000000e-01
7.148437500000000000e-01
6.733398437500000000e-01
6.875000000000000000e-01
6.313476562500000000e-01
7.929687500000000000e-01
7.133789062500000000e-01
6.508789062500000000e-01
6.933593750000000000e-01
6.879882812500000000e-01
6.142578125000000000e-01
7.167968750000000000e-01
7.387695312500000000e-01
6.562500000000000000e-01
7.802734375000000000e-01
7.622070312500000000e-01
7.446289062500000000e-01
6.752929687500000000e-01
5.620117187500000000e-01
7.626953125000000000e-01
7.675781250000000000e-01
6.728515625000000000e-01
6.357421875000000000e-01
6.010742187500000000e-01
6.582031250000000000e-01
6.718750000000000000e-01
7.089843750000000000e-01
6.601562500000000000e-01
7.109375000000000000e-01
7.133789062500000000e-01
7.128906250000000000e-01
7.099609375000000000e-01
6.572265625000000000e-01
6.796875000000000000e-01
7.734375000000000000e-01
