6.967773437500000000e-01
6.171875000000000000e-01
6.484375000000000000e-01
6.328125000000000000e-01
7.192382812500000000e-01
7.075195312500000000e-01
6.240234375000000000e-01
6.381835937500000000e-01
7.314453125000000000e-01
7.041015625000000000e-01
6.757812500000000000e-01
6.694335937500000000e-01
6.972656250000000000e-01
7.397460937500000000e-01
6.635742187500000000e-01
7.392578125000000000e-01
7.119140625000000000e-01
7.333984375000000000e-01
7.646484375000000000e-01
6.347656250000000000e-01
7.153320312500000000e-01
6.831054687500000000e-01
7.363281250000000000e-01
6.572265625000000000e-01
6.362304687500000000e-01
7.402343750000000000e-01
6.381835937500000000e-01
7.231445312500000000e-01
7.255859375000000000e-01
6.303710937500000000e-01
7.514648437500000000e-01
6.284179687500000000e-01
7.177734375000000000e-01
7.587890625000000000e-01
7.314453125000000000e-01
7.446289062500000000e-01
6.972656250000000000e-01
7.436523437500000000e-01
6.440429687500000000e-01
7.060546875000000000e-01
7.431640625000000000e-01
7.480468750000000000e-01
6.660156250000000000e-01
6.528320312500000000e-01
6.699218750000000000e-01
6.811523437500000000e-01
6.879882812500000000e-01
6.879882812500000000e-01
7.094726562500000000e-01
6.811523437500000000e-01
6.762695312500000000e-01
6.772460937500000000e-01
7.290039062500000000e-01
7.031250000000000000e-01
6.997070312500000000e-01
7.036132812500000000e-01
6.328125000000000000e-01
7.001953125000000000e-01
7.939453125000000000e-01
7.480468750000000000e-01
6.630859375000000000e-01
7.597656250000000000e-01
7.475585937500000000e-01
7.006835937500000000e-01
6.953125000000000000e-01
6.113281250000000000e-01
6.459960937500000000e-01
6.845703125000000000e-01
6.572265625000000000e-01
6.259765625000000000e-01
7.431640625000000000e-01
6.801757812500000000e-01
7.031250000000000000e-01
7.797851562500000000e-01
6.542968750000000000e-01
6.816406250000000000e-01
6.992187500000000000e-01
7.832031250000000000e-01
6.743164062500000000e-01
7.280273437500000000e-01
7.099609375000000000e-01
6.621093750000000000e-01
6.445312500000000000e-01
7.348632812500000000e-01
7.114257812500000000e-01
6.416015625000000000e-01
7.167968750000000000e-01
6.884765625000000000e-01
6.269531250000000000e-01
7.568359375000000000e-01
6.660156250000000000e-01
7.734375000000000000e-01
6.845703125000000000e-01
7.207031250000000000e-01
7.416992187500000000e-01
6.728515625000000000e-01
6.992187500000000000e-01
6.601562500000000000e-01
7.207031250000000000e-01
7.177734375000000000e-01
